PointID	X	Y	Elev	Code
1	2552600.000	6967028.000	512.41	EA ST
2	2552640.000	6967028.000	511.93	EA
3	2552680.000	6967028.000	511.45	EA
4	2552720.000	6967028.000	510.98	EA
5	2552760.000	6967028.000	510.52	EA
6	2552800.000	6967028.000	510.11	EA
7	2552840.000	6967028.000	509.81	EA
8	2552880.000	6967028.000	509.68	EA
9	2552920.000	6967028.000	509.73	EA
10	2552960.000	6967028.000	509.87	EA
11	2553000.000	6967028.000	509.87	EA
12	2553040.000	6967028.000	509.50	EA
13	2553080.000	6967028.000	508.70	EA
14	2553120.000	6967028.000	507.64	EA
15	2553160.000	6967028.000	506.56	EA
16	2553200.000	6967028.000	505.64	EA END
17	2552600.000	6967052.000	512.89	EA ST
18	2552640.000	6967052.000	512.41	EA
19	2552680.000	6967052.000	511.93	EA
20	2552720.000	6967052.000	511.46	EA
21	2552760.000	6967052.000	511.01	EA
22	2552800.000	6967052.000	510.63	EA
23	2552840.000	6967052.000	510.38	EA
24	2552880.000	6967052.000	510.36	EA
25	2552920.000	6967052.000	510.59	EA
26	2552960.000	6967052.000	510.94	EA
27	2553000.000	6967052.000	511.09	EA
28	2553040.000	6967052.000	510.75	EA
29	2553080.000	6967052.000	509.85	EA
30	2553118.000	6967052.000	508.67	EA
31	2553125.765	6967053.022	508.45	EA
32	2553133.000	6967056.019	508.33	EA
33	2553139.213	6967060.787	508.29	EA
34	2553143.981	6967067.000	508.34	EA
35	2553146.978	6967074.235	508.48	EA
36	2553148.000	6967082.000	508.69	EA
37	2553148.000	6967120.000	509.67	EA
38	2553148.000	6967160.000	510.05	EA
39	2553148.000	6967200.000	509.83	EA
40	2553148.000	6967240.000	509.80	EA
41	2553148.000	6967280.000	510.53	EA
42	2553148.000	6967320.000	511.59	EA END
43	2553172.000	6967340.000	511.74	EA ST
44	2553172.000	6967300.000	510.67	EA
45	2553172.000	6967260.000	509.54	EA
46	2553172.000	6967220.000	508.96	EA
47	2553172.000	6967180.000	509.03	EA
48	2553172.000	6967140.000	508.96	EA
49	2553172.000	6967100.000	508.30	EA
50	2553172.000	6967082.000	507.84	EA
51	2553173.022	6967074.235	507.59	EA
52	2553176.019	6967067.000	507.30	EA
53	2553180.787	6967060.787	506.99	EA
54	2553187.000	6967056.019	506.69	EA
55	2553194.235	6967053.022	506.42	EA
56	2553202.000	6967052.000	506.21	EA
57	2553220.000	6967052.000	505.82	EA END
58	2552600.000	6967040.000	512.85	CL ST
59	2552640.000	6967040.000	512.37	CL
60	2552680.000	6967040.000	511.89	CL
61	2552720.000	6967040.000	511.42	CL
62	2552760.000	6967040.000	510.97	CL
63	2552800.000	6967040.000	510.57	CL
64	2552840.000	6967040.000	510.30	CL
65	2552880.000	6967040.000	510.22	CL
66	2552920.000	6967040.000	510.36	CL
67	2552960.000	6967040.000	510.60	CL
68	2553000.000	6967040.000	510.67	CL
69	2553040.000	6967040.000	510.32	CL
70	2553080.000	6967040.000	509.48	CL
71	2553120.000	6967040.000	508.32	CL
72	2553160.000	6967040.000	507.15	CL
73	2553200.000	6967040.000	506.15	CL END
74	2553160.000	6967080.000	508.39	CL ST
75	2553160.000	6967132.000	509.56	CL
76	2553160.000	6967184.000	509.67	CL
77	2553160.000	6967236.000	509.62	CL
78	2553160.000	6967288.000	510.72	CL
79	2553160.000	6967340.000	512.11	CL END
80	2552610.000	6967060.000	513.03	SW ST
81	2552676.000	6967060.000	512.24	SW
82	2552742.000	6967060.000	511.47	SW
83	2552808.000	6967060.000	510.84	SW
84	2552874.000	6967060.000	510.67	SW
85	2552940.000	6967060.000	511.19	SW
86	2553006.000	6967060.000	511.58	SW
87	2553072.000	6967060.000	510.57	SW
88	2553138.000	6967060.000	508.40	SW END
89	2552600.000	6967062.000	513.24	FNC ST
90	2553140.000	6967062.000	508.46	FNC
91	2553140.000	6967345.000	512.45	FNC
92	2552600.000	6967345.000	517.85	FNC X
93	2552600.000	6967343.000	517.78	FNC ST
94	2552690.000	6967343.000	516.88	FNC
95	2552780.000	6967343.000	516.00	FNC
96	2552870.000	6967343.000	515.17	FNC
97	2552960.000	6967343.000	514.47	FNC
98	2553050.000	6967343.000	513.60	FNC
99	2553140.000	6967343.000	512.40	FNC END
100	2552750.000	6967170.000	514.92	BLDG ST
101	2552840.000	6967170.000	514.92	BLDG
102	2552840.000	6967224.000	514.92	BLDG
103	2552750.000	6967224.000	514.92	BLDG X
104	2552795.000	6967197.000	515.27	FFE
105	2552720.000	6967100.000	512.52	EA ST
106	2552880.000	6967100.000	511.78	EA
107	2552880.000	6967150.000	512.77	EA
108	2552720.000	6967150.000	513.47	EA X
109	2552795.000	6967152.000	512.89	SW ST
110	2552795.000	6967100.000	511.88	SW END
111	2552695.000	6967046.000	511.66	MH / WATER
112	2553030.000	6967046.000	510.62	SSMH
113	2552900.000	6967057.000	510.86	FH
114	2552660.000	6967058.000	512.49	LP
115	2552950.000	6967058.000	511.31	LP
116	2552855.000	6967066.000	510.85	SN
117	2552930.000	6967300.000	513.51	T14 / OAK
118	2552960.000	6967120.000	513.68	T18 / OAK
119	2552690.000	6967240.000	514.75	T22 / OAK
120	2553070.000	6967230.000	512.32	T16 / OAK
121	2552640.000	6967320.000	516.58	T12 / OAK
122	2552630.000	6967296.400	516.07	FL ST
123	2552680.000	6967290.400	515.35	FL
124	2552730.000	6967284.400	514.64	FL
125	2552780.000	6967278.400	513.95	FL
126	2552830.000	6967272.400	513.35	FL
127	2552880.000	6967266.400	512.98	FL
128	2552930.000	6967260.400	512.92	FL
129	2552980.000	6967254.400	513.02	FL
130	2553030.000	6967248.400	512.80	FL
131	2553080.000	6967242.400	511.91	FL
132	2553130.000	6967236.400	510.46	FL END
133	2552607.314	6967073.987	513.44	NG
134	2552605.516	6967103.663	513.98	NG
135	2552606.268	6967139.336	514.73	NG
136	2552616.194	6967179.642	515.27	NG
137	2552616.931	6967213.956	515.63	NG
138	2552619.185	6967257.066	515.78	NG
139	2552619.701	6967290.883	516.06	NG
140	2552608.681	6967326.967	517.10	NG
141	2552649.359	6967075.649	512.90	NG
142	2552657.440	6967116.612	513.64	NG
143	2552651.407	6967141.989	514.17	NG
144	2552659.127	6967180.739	514.73	NG
145	2552655.121	6967212.640	515.11	NG
146	2552646.909	6967245.595	515.38	NG
147	2552649.223	6967289.440	515.68	NG
148	2552655.552	6967323.108	516.52	NG
149	2552683.877	6967082.936	512.71	NG
150	2552693.439	6967101.984	512.94	NG
151	2552696.226	6967147.582	513.78	NG
152	2552686.713	6967174.606	514.33	NG
153	2552681.443	6967224.104	514.80	NG
154	2552683.290	6967258.306	514.96	NG
155	2552682.115	6967291.771	515.35	NG
156	2552681.485	6967331.492	516.59	NG
157	2552720.672	6967065.323	511.90	NG
158	2552732.088	6967181.877	513.78	NG
159	2552722.910	6967214.673	514.21	NG
160	2552736.609	6967261.938	514.18	NG
161	2552726.848	6967286.658	514.65	NG
162	2552719.720	6967318.214	515.70	NG
163	2552761.412	6967080.214	511.65	NG
164	2552766.824	6967256.907	513.87	NG
165	2552771.059	6967297.695	514.52	NG
166	2552768.270	6967319.585	515.22	NG
167	2552809.153	6967081.105	511.33	NG
168	2552795.637	6967251.469	513.41	NG
169	2552812.978	6967283.592	513.67	NG
170	2552801.430	6967318.096	514.97	NG
171	2552844.455	6967067.875	510.84	NG
172	2552834.416	6967255.998	513.07	NG
173	2552833.696	6967283.074	513.51	NG
174	2552844.466	6967322.846	514.70	NG
175	2552877.337	6967067.352	510.98	NG
176	2552878.115	6967189.427	512.95	NG
177	2552872.551	6967219.107	512.89	NG
178	2552887.331	6967257.604	512.94	NG
179	2552885.515	6967293.301	513.49	NG
180	2552879.369	6967317.888	514.25	NG
181	2552921.935	6967079.483	511.74	NG
182	2552913.811	6967115.215	512.60	NG
183	2552911.482	6967144.027	513.24	NG
184	2552914.145	6967183.904	513.39	NG
185	2552913.317	6967220.206	513.15	NG
186	2552922.224	6967250.228	517.81	NG
187	2552916.472	6967290.958	513.36	NG
188	2552918.331	6967321.637	514.10	NG
189	2552948.729	6967070.849	511.75	NG
190	2552947.517	6967103.788	513.00	NG
191	2552961.109	6967148.465	514.22	NG
192	2552960.599	6967178.378	514.18	NG
193	2552953.121	6967222.497	513.36	NG
194	2552949.758	6967260.776	512.98	NG
195	2552960.404	6967291.073	513.22	NG
196	2552955.062	6967327.184	514.08	NG
197	2552994.991	6967079.663	512.55	NG
198	2552999.457	6967109.930	513.85	NG
199	2552986.949	6967152.763	514.54	NG
200	2552986.637	6967184.148	514.41	NG
201	2552992.711	6967224.337	513.51	NG
202	2552996.105	6967252.448	513.02	NG
203	2552993.989	6967283.414	513.05	NG
204	2553000.518	6967320.082	513.63	NG
205	2553024.216	6967073.276	512.23	NG
206	2553023.796	6967118.837	514.09	NG
207	2553025.163	6967144.534	514.54	NG
208	2553035.855	6967182.747	514.19	NG
209	2553027.598	6967224.606	513.29	NG
210	2553030.851	6967252.299	512.69	NG
211	2553040.473	6967282.433	512.69	NG
212	2553029.522	6967326.139	513.54	NG
213	2553061.963	6967068.950	511.33	NG
214	2553074.307	6967111.978	512.74	NG
215	2553061.810	6967145.137	513.75	NG
216	2553076.973	6967189.724	512.94	NG
217	2553074.429	6967215.576	512.46	NG
218	2553071.354	6967246.556	512.11	NG
219	2553075.566	6967297.477	512.41	NG
220	2553063.113	6967333.245	513.23	NG
221	2553111.121	6967071.719	509.88	NG
222	2553104.251	6967113.972	511.55	NG
223	2553111.449	6967146.039	511.78	NG
224	2553116.417	6967175.990	511.50	NG
225	2553101.875	6967225.874	511.35	NG
226	2553104.975	6967248.030	511.24	NG
227	2553106.181	6967283.289	511.60	NG
228	2553106.043	6967327.497	512.55	NG
229	2552626.400	6967016.470	511.97	NG
230	2552684.795	6967013.866	511.27	NG
231	2552738.357	6967013.397	510.60	NG
232	2552804.781	6967012.476	509.90	NG
233	2552859.464	6967015.307	509.53	NG
234	2552917.826	6967014.951	509.41	NG
235	2552972.181	6967014.555	509.46	NG
236	2553045.853	6967013.495	508.84	NG
237	2553092.287	6967011.164	507.73	NG
238	2553155.620	6967011.404	506.30	NG
